0.02	0.33
0.04	0.33
0.07	0.31
0.09	0.32
0.12	0.33
0.14	0.34
0.17	0.34
0.19	0.34
0.21	0.34
0.24	0.37
0.26	0.36
0.29	0.35
0.31	0.34
0.34	0.33
0.36	0.32
0.39	0.33
0.41	0.32
0.43	0.31
0.46	0.31
0.48	0.3
0.51	0.33
0.53	0.33
0.56	0.33
0.58	0.33
0.61	0.33
0.63	0.34
0.65	0.34
0.68	0.33
0.7	0.33
0.73	0.32
0.75	0.31
0.78	0.31
0.8	0.3
0.83	0.29
0.85	0.31
0.87	0.31
0.9	0.31
0.92	0.32
0.95	0.32
0.97	0.35
1	0.35
1.02	0.33
1.05	0.34
1.07	0.32
1.09	0.33
1.12	0.32
1.14	0.31
1.17	0.31
1.19	0.31
1.22	0.3
1.24	0.33
1.26	0.32
1.29	0.32
1.31	0.32
1.34	0.32
1.36	0.33
1.39	0.33
1.41	0.31
1.44	0.32
1.46	0.32
1.48	0.31
1.51	0.32
1.53	0.32
1.56	0.32
1.58	0.34
1.61	0.33
1.63	0.33
1.66	0.33
1.68	0.33
1.7	0.34
1.73	0.35
1.75	0.33
1.78	0.34
1.8	0.33
1.83	0.33
1.85	0.33
1.88	0.32
1.9	0.32
1.92	0.32
1.95	0.31
1.97	0.33
2	0.33
2.02	0.33
2.05	0.33
2.07	0.33
2.1	0.34
2.12	0.35
2.14	0.34
2.17	0.34
2.19	0.34
2.22	0.34
2.24	0.34
2.27	0.34
2.29	0.33
2.31	0.34
2.34	0.34
2.36	0.35
2.39	0.35
2.41	0.35
2.44	0.36
2.46	0.36
2.49	0.35
2.51	0.35
2.53	0.33
2.56	0.32
2.58	0.33
2.61	0.31
2.63	0.32
2.66	0.31
2.68	0.31
2.71	0.34
2.73	0.34
2.75	0.33
2.78	0.33
2.8	0.32
2.83	0.33
2.85	0.34
2.88	0.33
2.9	0.33
2.93	0.33
2.95	0.32
2.97	0.33
3	0.33
3.02	0.33
3.05	0.33
3.07	0.32
3.1	0.32
3.12	0.33
3.15	0.32
3.17	0.33
3.19	0.32
3.22	0.32
3.24	0.33
3.27	0.31
3.29	0.31
3.32	0.32
3.34	0.3
3.36	0.31
3.39	0.29
3.41	0.29
3.44	0.31
3.46	0.31
3.49	0.31
3.51	0.32
3.54	0.31
3.56	0.33
3.58	0.33
3.61	0.33
3.63	0.33
3.66	0.32
3.68	0.32
3.71	0.33
3.73	0.32
3.76	0.32
3.78	0.32
3.8	0.33
3.83	0.33
3.85	0.33
3.88	0.32
3.9	0.35
3.93	0.35
3.95	0.35
3.98	0.35
4	0.32
4.02	0.32
4.05	0.32
4.07	0.3
4.1	0.3
4.12	0.29
4.15	0.29
4.17	0.33
4.2	0.32
4.22	0.32
4.24	0.32
4.27	0.32
4.29	0.33
4.32	0.33
4.34	0.32
4.37	0.32
4.39	0.31
4.42	0.31
4.44	0.31
4.46	0.32
4.49	0.31
4.51	0.32
4.54	0.32
4.56	0.33
4.59	0.33
4.61	0.32
4.63	0.35
4.66	0.35
4.68	0.34
4.71	0.35
4.73	0.32
4.76	0.33
4.78	0.33
4.81	0.31
4.83	0.32
4.85	0.31
4.88	0.3
4.9	0.35
4.93	0.34
4.95	0.35
4.98	0.34
5	0.34
5.03	0.34
5.05	0.35
5.07	0.33
5.1	0.33
5.12	0.32
5.15	0.33
5.17	0.34
5.2	0.34
5.22	0.33
5.25	0.34
5.27	0.33
5.29	0.34
5.32	0.34
5.34	0.33
5.37	0.36
5.39	0.36
5.42	0.36
5.44	0.37
5.47	0.35
5.49	0.34
5.51	0.34
5.54	0.32
5.56	0.32
5.59	0.31
5.61	0.31
5.64	0.34
5.66	0.35
5.68	0.35
5.71	0.36
5.73	0.35
5.76	0.37
5.78	0.36
5.81	0.34
5.83	0.34
5.86	0.33
5.88	0.34
5.9	0.36
5.93	0.35
5.95	0.36
5.98	0.36
6	0.36
6.03	0.37
6.05	0.37
6.08	0.35
6.1	0.37
6.12	0.37
6.15	0.37
6.17	0.37
6.2	0.36
6.22	0.35
6.25	0.36
6.27	0.34
6.3	0.35
6.32	0.34
6.34	0.35
6.37	0.39
6.39	0.4
6.42	0.39
6.44	0.4
6.47	0.39
6.49	0.42
6.52	0.41
6.54	0.4
6.56	0.39
6.59	0.4
6.61	0.39
6.64	0.41
6.66	0.4
6.69	0.41
6.71	0.41
6.73	0.41
6.76	0.42
6.78	0.43
6.81	0.42
6.83	0.45
6.86	0.46
6.88	0.47
6.91	0.47
6.93	0.47
6.95	0.47
6.98	0.47
7	0.44
7.03	0.45
7.05	0.43
7.08	0.44
7.1	0.46
7.13	0.46
7.15	0.47
7.17	0.48
7.2	0.48
7.22	0.5
7.25	0.5
7.27	0.48
7.3	0.49
7.32	0.48
7.35	0.47
7.37	0.49
7.39	0.49
7.42	0.5
7.44	0.51
7.47	0.51
7.49	0.53
7.52	0.53
7.54	0.53
7.57	0.53
7.59	0.53
7.61	0.52
7.64	0.54
7.66	0.54
7.69	0.55
7.71	0.55
7.74	0.55
7.76	0.57
7.78	0.56
7.81	0.56
7.83	0.6
7.86	0.59
7.88	0.6
7.91	0.6
7.93	0.6
7.96	0.62
7.98	0.63
8	0.61
8.03	0.63
8.05	0.62
8.08	0.63
8.1	0.63
8.13	0.65
8.15	0.65
8.18	0.66
8.2	0.65
8.22	0.68
8.25	0.68
8.27	0.68
8.3	0.68
8.32	0.68
8.35	0.68
8.37	0.69
8.4	0.68
8.42	0.69
8.44	0.69
8.47	0.69
8.49	0.7
8.52	0.7
8.54	0.69
8.57	0.72
8.59	0.71
8.62	0.72
8.64	0.73
8.66	0.73
8.69	0.75
8.71	0.75
8.74	0.74
8.76	0.75
8.79	0.73
8.81	0.73
8.84	0.75
8.86	0.75
8.88	0.75
8.91	0.75
8.93	0.76
8.96	0.78
8.98	0.79
9.01	0.77
9.03	0.78
9.05	0.76
9.08	0.77
9.1	0.77
9.13	0.77
9.15	0.75
9.18	0.76
9.2	0.76
9.23	0.79
9.25	0.76
9.27	0.77
9.3	0.78
9.32	0.79
9.35	0.78
9.37	0.79
9.4	0.78
9.42	0.82
9.45	0.81
9.47	0.8
9.49	0.8
9.52	0.8
9.54	0.8
9.57	0.82
9.59	0.82
9.62	0.84
9.64	0.84
9.67	0.84
9.69	0.86
9.71	0.87
9.74	0.84
9.76	0.85
9.79	0.84
9.81	0.85
9.84	0.85
9.86	0.84
9.89	0.85
9.91	0.85
9.93	0.85
9.96	0.86
9.98	0.84
10.01	0.84
10.03	0.84
10.06	0.85
10.08	0.85
10.1	0.85
10.13	0.84
10.15	0.87
10.18	0.88
10.2	0.88
10.23	0.88
10.25	0.87
10.28	0.87
10.3	0.9
10.32	0.89
10.35	0.89
10.37	0.9
10.4	0.9
10.42	0.92
10.45	0.92
10.47	0.91
10.5	0.92
10.52	0.92
10.54	0.92
10.57	0.93
10.59	0.92
10.62	0.93
10.64	0.94
10.67	0.94
10.69	0.95
10.72	0.95
10.74	0.95
10.76	0.97
10.79	0.97
10.81	0.98
10.84	0.97
10.86	0.97
10.89	0.98
10.91	1
10.94	0.99
10.96	1.01
10.98	0.99
11.01	1.01
11.03	1.02
11.06	1.05
11.08	1.04
11.11	1.06
11.13	1.06
11.15	1.11
11.18	1.11
11.2	1.1
11.23	1.1
11.25	1.12
11.28	1.12
11.3	1.14
11.33	1.13
11.35	1.16
11.37	1.17
11.4	1.18
11.42	1.21
11.45	1.23
11.47	1.24
11.5	1.25
11.52	1.26
11.55	1.27
11.57	1.28
11.59	1.29
11.62	1.3
11.64	1.32
11.67	1.33
11.69	1.35
11.72	1.36
11.74	1.38
11.77	1.41
11.79	1.43
11.81	1.46
11.84	1.48
11.86	1.49
11.89	1.53
11.91	1.54
11.94	1.52
11.96	1.54
11.99	1.54
12.01	1.56
12.03	1.58
12.06	1.59
12.08	1.61
12.11	1.63
12.13	1.64
12.16	1.67
12.18	1.68
12.21	1.69
12.23	1.71
12.25	1.72
12.28	1.73
12.3	1.75
12.33	1.75
12.35	1.78
12.38	1.79
12.4	1.81
12.42	1.82
12.45	1.82
12.47	1.82
12.5	1.86
12.52	1.86
12.55	1.88
12.57	1.88
12.6	1.9
12.62	1.93
12.64	1.95
12.67	1.93
12.69	1.94
12.72	1.93
12.74	1.94
12.77	1.94
12.79	1.95
12.82	1.95
12.84	1.96
12.86	1.96
12.89	2
12.91	2
12.94	2.01
12.96	2.01
12.99	2.02
13.01	2.02
13.04	2.02
13.06	2.01
13.08	2.02
13.11	2.01
13.13	2.02
13.16	2.03
13.18	2.02
13.21	2.01
13.23	2.04
13.26	2.04
13.28	2.05
13.3	2.05
13.33	2.04
13.35	2.07
13.38	2.07
13.4	2.04
13.43	2.04
13.45	2.02
13.47	2.01
13.5	2.01
13.52	1.99
13.55	2
13.57	1.99
13.6	1.98
13.62	2.01
13.65	2
13.67	1.99
13.69	1.99
13.72	1.98
13.74	1.98
13.77	1.98
13.79	1.96
13.82	1.95
13.84	1.95
13.87	1.94
13.89	1.94
13.91	1.91
13.94	1.9
13.96	1.91
13.99	1.91
14.01	1.9
14.04	1.9
14.06	1.88
14.09	1.91
14.11	1.9
14.13	1.88
14.16	1.87
14.18	1.85
14.21	1.84
14.23	1.84
14.26	1.81
14.28	1.81
14.31	1.8
14.33	1.8
14.35	1.81
14.38	1.8
14.4	1.79
14.43	1.79
14.45	1.77
14.48	1.77
14.5	1.76
14.52	1.75
14.55	1.74
14.57	1.74
14.6	1.72
14.62	1.73
14.65	1.73
14.67	1.73
14.7	1.72
14.72	1.72
14.74	1.72
14.77	1.72
14.79	1.72
14.82	1.73
14.84	1.73
14.87	1.73
14.89	1.73
14.92	1.71
14.94	1.72
14.96	1.72
14.99	1.7
15.01	1.71
15.04	1.71
15.06	1.7
15.09	1.73
15.11	1.73
15.14	1.74
15.16	1.75
15.18	1.75
15.21	1.76
15.23	1.78
15.26	1.78
15.28	1.79
15.31	1.79
15.33	1.8
15.36	1.81
15.38	1.81
15.4	1.82
15.43	1.83
15.45	1.84
15.48	1.87
15.5	1.88
15.53	1.91
15.55	1.94
15.57	1.97
15.6	1.98
15.62	2.01
15.65	1.99
15.67	2.02
15.7	2.03
15.72	2.04
15.75	2.05
15.77	2.08
15.79	2.1
15.82	2.17
15.84	2.19
15.87	2.22
15.89	2.25
15.92	2.29
15.94	2.32
15.97	2.36
15.99	2.37
16.01	2.42
16.04	2.43
16.06	2.47
16.09	2.51
16.11	2.55
16.14	2.59
16.16	2.63
16.19	2.68
16.21	2.74
16.23	2.79
16.26	2.83
16.28	2.9
16.31	2.94
16.33	2.99
16.36	3.04
16.38	3.06
16.41	3.1
16.43	3.14
16.45	3.16
16.48	3.22
16.5	3.26
16.53	3.31
16.55	3.4
16.58	3.46
16.6	3.53
16.63	3.61
16.65	3.61
16.67	3.62
16.7	3.59
16.72	3.58
16.75	3.59
16.77	3.56
16.8	3.55
16.82	3.64
16.84	3.72
16.87	3.84
16.89	3.94
16.92	4.04
16.94	4.18
16.97	4.28
16.99	4.34
17.02	4.45
17.04	4.51
17.06	4.58
17.09	4.62
17.11	4.65
17.14	4.69
17.16	4.75
17.19	4.76
17.21	4.81
17.24	4.83
17.26	4.87
17.28	4.92
17.31	4.95
17.33	4.95
17.36	4.98
17.38	4.97
17.41	4.99
17.43	4.98
17.46	4.96
17.48	4.96
17.5	4.95
17.53	4.93
17.55	4.94
17.58	4.93
17.6	4.94
17.63	4.94
17.65	4.94
17.68	4.93
17.7	4.93
17.72	4.91
17.75	4.93
17.77	4.9
17.8	4.89
17.82	4.87
17.85	4.84
17.87	4.82
17.89	4.82
17.92	4.78
17.94	4.77
17.97	4.74
17.99	4.72
18.02	4.73
18.04	4.71
18.07	4.68
18.09	4.65
18.11	4.63
18.14	4.61
18.16	4.59
18.19	4.55
18.21	4.52
18.24	4.49
18.26	4.46
18.29	4.43
18.31	4.4
18.33	4.36
18.36	4.32
18.38	4.28
18.41	4.25
18.43	4.2
18.46	4.16
18.48	4.14
18.51	4.09
18.53	4.05
18.55	4.02
18.58	3.97
18.6	3.94
18.63	3.9
18.65	3.84
18.68	3.8
18.7	3.75
18.73	3.71
18.75	3.7
18.77	3.65
18.8	3.62
18.82	3.59
18.85	3.56
18.87	3.53
18.9	3.5
18.92	3.44
18.94	3.42
18.97	3.37
18.99	3.33
19.02	3.3
19.04	3.27
19.07	3.23
19.09	3.21
19.12	3.17
19.14	3.16
19.16	3.13
19.19	3.1
19.21	3.07
19.24	3.05
19.26	3.01
19.29	3
19.31	2.96
19.34	2.94
19.36	2.91
19.38	2.89
19.41	2.88
19.43	2.86
19.46	2.83
19.48	2.84
19.51	2.82
19.53	2.81
19.56	2.81
19.58	2.79
19.6	2.79
19.63	2.79
19.65	2.76
19.68	2.76
19.7	2.75
19.73	2.74
19.75	2.75
19.78	2.75
19.8	2.75
19.82	2.75
19.85	2.75
19.87	2.78
19.9	2.78
19.92	2.78
19.95	2.79
19.97	2.8
19.99	2.82
20.02	2.84
20.04	2.85
20.07	2.88
20.09	2.91
20.12	2.92
20.14	2.97
20.17	2.98
20.19	3
20.21	3.04
20.24	3.07
20.26	3.09
20.29	3.14
20.31	3.16
20.34	3.22
20.36	3.26
20.39	3.3
20.41	3.34
20.43	3.39
20.46	3.43
20.48	3.51
20.51	3.56
20.53	3.63
20.56	3.67
20.58	3.73
20.61	3.8
20.63	3.87
20.65	3.91
20.68	3.98
20.7	4.04
20.73	4.11
20.75	4.19
20.78	4.26
20.8	4.34
20.83	4.43
20.85	4.51
20.87	4.62
20.9	4.68
20.92	4.76
20.95	4.87
20.97	4.96
21	5.04
21.02	5.13
21.05	5.21
21.07	5.33
21.09	5.45
21.12	5.53
21.14	5.65
21.17	5.75
21.19	5.87
21.22	6.01
21.24	6.12
21.26	6.22
21.29	6.34
21.31	6.45
21.34	6.58
21.36	6.69
21.39	6.79
21.41	6.92
21.44	7.04
21.46	7.17
21.48	7.3
21.51	7.41
21.53	7.54
21.56	7.67
21.58	7.79
21.61	7.91
21.63	8.01
21.66	8.1
21.68	8.24
21.7	8.34
21.73	8.44
21.75	8.54
21.78	8.65
21.8	8.76
21.83	8.89
21.85	8.95
21.88	9.06
21.9	9.12
21.92	9.21
21.95	9.29
21.97	9.36
22	9.4
22.02	9.46
22.05	9.49
22.07	9.58
22.1	9.61
22.12	9.65
22.14	9.69
22.17	9.73
22.19	9.76
22.22	9.8
22.24	9.81
22.27	9.83
22.29	9.85
22.31	9.86
22.34	9.88
22.36	9.86
22.39	9.86
22.41	9.85
22.44	9.84
22.46	9.82
22.49	9.8
22.51	9.76
22.53	9.75
22.56	9.71
22.58	9.66
22.61	9.62
22.63	9.56
22.66	9.52
22.68	9.48
22.71	9.44
22.73	9.38
22.75	9.32
22.78	9.26
22.8	9.22
22.83	9.14
22.85	9.04
22.88	8.96
22.9	8.86
22.93	8.78
22.95	8.69
22.97	8.61
23	8.53
23.02	8.45
23.05	8.36
23.07	8.3
23.1	8.19
23.12	8.11
23.15	8.01
23.17	7.91
23.19	7.81
23.22	7.71
23.24	7.6
23.27	7.51
23.29	7.39
23.32	7.29
23.34	7.2
23.36	7.09
23.39	6.99
23.41	6.92
23.44	6.83
23.46	6.75
23.49	6.65
23.51	6.55
23.54	6.47
23.56	6.38
23.58	6.26
23.61	6.16
23.63	6.05
23.66	5.96
23.68	5.87
23.71	5.78
23.73	5.7
23.76	5.62
23.78	5.53
23.8	5.49
23.83	5.41
23.85	5.34
23.88	5.26
23.9	5.19
23.93	5.11
23.95	5.06
23.98	4.97
24	4.9
24.02	4.84
24.05	4.78
24.07	4.73
24.1	4.66
24.12	4.6
24.15	4.59
24.17	4.55
24.2	4.51
24.22	4.47
24.24	4.43
24.27	4.42
24.29	4.38
24.32	4.33
24.34	4.3
24.37	4.25
24.39	4.23
24.42	4.21
24.44	4.18
24.46	4.18
24.49	4.16
24.51	4.16
24.54	4.17
24.56	4.16
24.59	4.16
24.61	4.17
24.63	4.17
24.66	4.18
24.68	4.19
24.71	4.2
24.73	4.22
24.76	4.24
24.78	4.27
24.81	4.32
24.83	4.33
24.85	4.37
24.88	4.43
24.9	4.48
24.93	4.52
24.95	4.58
24.98	4.61
25	4.7
25.03	4.76
25.05	4.81
25.07	4.87
25.1	4.92
25.12	4.98
25.15	5.07
25.17	5.12
25.2	5.21
25.22	5.27
25.25	5.36
25.27	5.47
25.29	5.58
25.32	5.67
25.34	5.78
25.37	5.88
25.39	6.01
25.42	6.11
25.44	6.2
25.47	6.3
25.49	6.42
25.51	6.53
25.54	6.65
25.56	6.75
25.59	6.9
25.61	7.07
25.64	7.21
25.66	7.37
25.68	7.52
25.71	7.68
25.73	7.88
25.76	8.06
25.78	8.19
25.81	8.35
25.83	8.49
25.86	8.65
25.88	8.82
25.9	8.96
25.93	9.12
25.95	9.32
25.98	9.51
26	9.74
26.03	9.94
26.05	10.16
26.08	10.38
26.1	10.6
26.12	10.78
26.15	10.98
26.17	11.15
26.2	11.35
26.22	11.54
26.25	11.74
26.27	11.93
26.3	12.16
26.32	12.38
26.34	12.63
26.37	12.85
26.39	13.07
26.42	13.28
26.44	13.5
26.47	13.7
26.49	13.9
26.52	14.03
26.54	14.23
26.56	14.37
26.59	14.56
26.61	14.72
26.64	14.91
26.66	15.08
26.69	15.28
26.71	15.44
26.73	15.66
26.76	15.77
26.78	15.93
26.81	16.06
26.83	16.19
26.86	16.29
26.88	16.4
26.91	16.47
26.93	16.58
26.95	16.66
26.98	16.73
27	16.82
27.03	16.9
27.05	16.97
27.08	17.04
27.1	17.09
27.13	17.14
27.15	17.17
27.17	17.19
27.2	17.2
27.22	17.21
27.25	17.2
27.27	17.19
27.3	17.15
27.32	17.12
27.35	17.08
27.37	17.01
27.39	16.96
27.42	16.89
27.44	16.81
27.47	16.75
27.49	16.66
27.52	16.58
27.54	16.51
27.57	16.4
27.59	16.32
27.61	16.2
27.64	16.08
27.66	15.96
27.69	15.82
27.71	15.68
27.74	15.55
27.76	15.38
27.78	15.23
27.81	15.07
27.83	14.91
27.86	14.75
27.88	14.61
27.91	14.44
27.93	14.31
27.96	14.14
27.98	13.97
28	13.8
28.03	13.59
28.05	13.39
28.08	13.19
28.1	12.95
28.13	12.77
28.15	12.55
28.18	12.35
28.2	12.18
28.22	12.01
28.25	11.83
28.27	11.67
28.3	11.49
28.32	11.34
28.35	11.18
28.37	11
28.4	10.81
28.42	10.63
28.44	10.45
28.47	10.29
28.49	10.11
28.52	9.94
28.54	9.77
28.57	9.63
28.59	9.5
28.62	9.37
28.64	9.22
28.66	9.1
28.69	8.96
28.71	8.84
28.74	8.69
28.76	8.52
28.79	8.36
28.81	8.23
28.84	8.07
28.86	7.95
28.88	7.81
28.91	7.71
28.93	7.64
28.96	7.56
28.98	7.47
29.01	7.39
29.03	7.29
29.05	7.22
29.08	7.14
29.1	7.04
29.13	6.96
29.15	6.89
29.18	6.81
29.2	6.77
29.23	6.72
29.25	6.68
29.27	6.64
29.3	6.61
29.32	6.59
29.35	6.57
29.37	6.54
29.4	6.55
29.42	6.54
29.45	6.52
29.47	6.52
29.49	6.5
29.52	6.51
29.54	6.53
29.57	6.54
29.59	6.57
29.62	6.58
29.64	6.61
29.67	6.68
29.69	6.71
29.71	6.77
29.74	6.81
29.76	6.87
29.79	6.94
29.81	7.02
29.84	7.08
29.86	7.18
29.89	7.26
29.91	7.36
29.93	7.47
29.96	7.59
29.98	7.68
30.01	7.77
30.03	7.86
30.06	7.99
30.08	8.11
30.1	8.23
30.13	8.38
30.15	8.52
30.18	8.68
30.2	8.86
30.23	9
30.25	9.16
30.28	9.34
30.3	9.48
30.32	9.66
30.35	9.82
30.37	9.99
30.4	10.2
30.42	10.4
30.45	10.58
30.47	10.81
30.5	11.03
30.52	11.29
30.54	11.52
30.57	11.76
30.59	12.01
30.62	12.28
30.64	12.53
30.67	12.78
30.69	13
30.72	13.25
30.74	13.49
30.76	13.75
30.79	14
30.81	14.27
30.84	14.56
30.86	14.89
30.89	15.2
30.91	15.53
30.94	15.85
30.96	16.2
30.98	16.53
31.01	16.82
31.03	17.08
31.06	17.39
31.08	17.67
31.11	17.97
31.13	18.27
31.15	18.58
31.18	18.92
31.2	19.29
31.23	19.62
31.25	20
31.28	20.34
31.3	20.68
31.33	21
31.35	21.31
31.37	21.59
31.4	21.94
31.42	22.21
31.45	22.51
31.47	22.79
31.5	23.11
31.52	23.43
31.55	23.77
31.57	24.03
31.59	24.36
31.62	24.64
31.64	24.94
31.67	25.17
31.69	25.45
31.72	25.65
31.74	25.88
31.77	26.07
31.79	26.27
31.81	26.41
31.84	26.59
31.86	26.76
31.89	26.95
31.91	27.09
31.94	27.24
31.96	27.37
31.99	27.52
32.01	27.63
32.03	27.71
32.06	27.79
32.08	27.84
32.11	27.89
32.13	27.94
32.16	27.96
32.18	27.97
32.2	27.97
32.23	27.97
32.25	27.96
32.28	27.92
32.3	27.87
32.33	27.81
32.35	27.73
32.38	27.62
32.4	27.51
32.42	27.41
32.45	27.3
32.47	27.16
32.5	27.02
32.52	26.88
32.55	26.72
32.57	26.54
32.6	26.37
32.62	26.17
32.64	25.96
32.67	25.74
32.69	25.5
32.72	25.25
32.74	25.03
32.77	24.79
32.79	24.58
32.82	24.34
32.84	24.11
32.86	23.89
32.89	23.66
32.91	23.39
32.94	23.08
32.96	22.76
32.99	22.48
33.01	22.15
33.04	21.81
33.06	21.49
33.08	21.16
33.11	20.9
33.13	20.63
33.16	20.34
33.18	20.07
33.21	19.8
33.23	19.53
33.26	19.27
33.28	18.93
33.3	18.61
33.33	18.31
33.35	18.01
33.38	17.73
33.4	17.43
33.43	17.13
33.45	16.9
33.47	16.66
33.5	16.4
33.52	16.16
33.55	15.89
33.57	15.66
33.6	15.44
33.62	15.19
33.65	14.93
33.67	14.7
33.69	14.44
33.72	14.25
33.74	14.01
33.77	13.8
33.79	13.6
33.82	13.41
33.84	13.22
33.87	13.06
33.89	12.88
33.91	12.72
33.94	12.55
33.96	12.38
33.99	12.23
34.01	12.07
34.04	11.93
34.06	11.81
34.09	11.69
34.11	11.58
34.13	11.49
34.16	11.39
34.18	11.33
34.21	11.24
34.23	11.16
34.26	11.1
34.28	11.03
34.31	10.99
34.33	10.97
34.35	10.94
34.38	10.91
34.4	10.9
34.43	10.89
34.45	10.91
34.48	10.92
34.5	10.9
34.52	10.91
34.55	10.95
34.57	10.98
34.6	11.02
34.62	11.08
34.65	11.13
34.67	11.21
34.7	11.3
34.72	11.4
34.74	11.49
34.77	11.61
34.79	11.73
34.82	11.88
34.84	11.99
34.87	12.13
34.89	12.25
34.92	12.41
34.94	12.55
34.96	12.71
34.99	12.86
35.01	13.05
35.04	13.25
35.06	13.48
35.09	13.69
35.11	13.93
35.14	14.16
35.16	14.41
35.18	14.64
35.21	14.85
35.23	15.07
35.26	15.33
35.28	15.55
35.31	15.79
35.33	16.06
35.36	16.35
35.38	16.68
35.4	16.99
35.43	17.32
35.45	17.67
35.48	18.01
35.5	18.35
35.53	18.73
35.55	19.04
35.57	19.38
35.6	19.69
35.62	20.03
35.65	20.38
35.67	20.76
35.7	21.08
35.72	21.53
35.75	21.94
35.77	22.4
35.79	22.84
35.82	23.32
35.84	23.77
35.87	24.28
35.89	24.65
35.92	25.11
35.94	25.53
35.97	25.95
35.99	26.37
36.01	26.82
36.04	27.24
36.06	27.77
36.09	28.26
36.11	28.78
36.14	29.31
36.16	29.85
36.19	30.39
36.21	30.93
36.23	31.35
36.26	31.82
36.28	32.26
36.31	32.73
36.33	33.15
36.36	33.6
36.38	34.02
36.41	34.56
36.43	35.05
36.45	35.57
36.48	35.97
36.5	36.49
36.53	36.95
36.55	37.41
36.58	37.82
36.6	38.19
36.62	38.51
36.65	38.93
36.67	39.25
36.7	39.57
36.72	39.87
36.75	40.19
36.77	40.54
36.8	40.93
36.82	41.25
36.84	41.54
36.87	41.79
36.89	42.1
36.92	42.39
36.94	42.59
36.97	42.76
36.99	42.93
37.02	43.11
37.04	43.28
37.06	43.4
37.09	43.5
37.11	43.62
37.14	43.72
37.16	43.79
37.19	43.83
37.21	43.87
37.24	43.88
37.26	43.9
37.28	43.88
37.31	43.87
37.33	43.83
37.36	43.79
37.38	43.72
37.41	43.62
37.43	43.49
37.46	43.34
37.48	43.13
37.5	42.95
37.53	42.73
37.55	42.51
37.58	42.27
37.6	42.01
37.63	41.78
37.65	41.61
37.68	41.35
37.7	41.1
37.72	40.83
37.75	40.55
37.77	40.27
37.8	39.95
37.82	39.57
37.85	39.19
37.87	38.81
37.89	38.43
37.92	38.04
37.94	37.64
37.97	37.22
37.99	36.88
38.02	36.59
38.04	36.24
38.07	35.83
38.09	35.44
38.11	35.06
38.14	34.63
38.16	34.14
38.19	33.61
38.21	33.09
38.24	32.63
38.26	32.16
38.29	31.69
38.31	31.24
38.33	30.82
38.36	30.43
38.38	30.08
38.41	29.7
38.43	29.34
38.46	28.94
38.48	28.59
38.51	28.17
38.53	27.78
38.55	27.36
38.58	26.96
38.6	26.53
38.63	26.15
38.65	25.76
38.68	25.45
38.7	25.12
38.73	24.81
38.75	24.48
38.77	24.21
38.8	23.92
38.82	23.64
38.85	23.34
38.87	23.03
38.9	22.74
38.92	22.48
38.94	22.19
38.97	21.93
38.99	21.7
39.02	21.45
39.04	21.26
39.07	21.07
39.09	20.89
39.12	20.75
39.14	20.6
39.16	20.46
39.19	20.35
39.21	20.19
39.24	20.08
39.26	19.97
39.29	19.86
39.31	19.76
39.34	19.67
39.36	19.58
39.38	19.56
39.41	19.5
39.43	19.46
39.46	19.43
39.48	19.43
39.51	19.45
39.53	19.51
39.56	19.52
39.58	19.59
39.6	19.66
39.63	19.76
39.65	19.84
39.68	19.94
39.7	20.05
39.73	20.16
39.75	20.25
39.78	20.39
39.8	20.5
39.82	20.67
39.85	20.83
39.87	21.03
39.9	21.23
39.92	21.48
39.95	21.7
39.97	21.97
39.99	22.22
40.02	22.52
40.04	22.77
40.07	23.03
40.09	23.28
40.12	23.56
40.14	23.85
40.17	24.16
40.19	24.46
40.21	24.78
40.24	25.18
40.26	25.57
40.29	26
40.31	26.43
40.34	26.88
40.36	27.31
40.39	27.8
40.41	28.25
40.43	28.69
40.46	29.1
40.48	29.55
40.51	29.99
40.53	30.48
40.56	30.95
40.58	31.5
40.61	32.05
40.63	32.65
40.65	33.26
40.68	33.89
40.7	34.51
40.73	35.16
40.75	35.79
40.78	36.37
40.8	36.95
40.83	37.53
40.85	38.14
40.87	38.76
40.9	39.37
40.92	40.01
40.95	40.74
40.97	41.52
41	42.29
41.02	43.04
41.05	43.81
41.07	44.61
41.09	45.38
41.12	46.06
41.14	46.69
41.17	47.36
41.19	48
41.22	48.55
41.24	48.97
41.26	49.3
41.29	49.63
41.31	49.87
41.34	49.97
41.36	49.99
41.39	49.99
41.41	49.99
41.44	49.99
41.46	49.99
41.48	49.99
41.51	49.99
41.53	49.99
41.56	49.99
41.58	49.99
41.61	49.99
41.63	49.99
41.66	49.99
41.68	49.99
41.7	49.99
41.73	49.99
41.75	49.99
41.78	49.99
41.8	49.99
41.83	49.99
41.85	49.99
41.88	49.99
41.9	49.99
41.92	49.99
41.95	49.99
41.97	49.99
42	49.99
42.02	49.99
42.05	49.99
42.07	49.99
42.1	49.99
42.12	49.99
42.14	49.99
42.17	49.99
42.19	49.99
42.22	49.99
42.24	49.99
42.27	49.99
42.29	49.99
42.31	49.99
42.34	49.99
42.36	49.99
42.39	49.99
42.41	49.99
42.44	49.99
42.46	49.99
42.49	49.99
42.51	49.99
42.53	49.99
42.56	49.99
42.58	49.99
42.61	49.99
42.63	49.99
42.66	49.99
42.68	49.99
42.71	49.99
42.73	49.99
42.75	49.99
42.78	49.99
42.8	49.99
42.83	49.99
42.85	49.99
42.88	49.99
42.9	49.99
42.93	49.99
42.95	49.99
42.97	49.99
43	49.99
43.02	49.99
43.05	49.99
43.07	49.99
43.1	49.99
43.12	49.99
43.15	49.99
43.17	49.99
43.19	49.99
43.22	49.99
43.24	49.99
43.27	49.99
43.29	49.99
43.32	49.99
43.34	49.99
43.36	49.99
43.39	49.99
43.41	49.99
43.44	49.99
43.46	49.99
43.49	49.99
43.51	49.99
43.54	49.99
43.56	49.99
43.58	49.99
43.61	49.99
43.63	49.99
43.66	49.99
43.68	49.97
43.71	49.87
43.73	49.67
43.76	49.42
43.78	49.11
43.8	48.69
43.83	48.27
43.85	47.78
43.88	47.34
43.9	46.89
43.93	46.49
43.95	46.14
43.98	45.83
44	45.48
44.02	45.13
44.05	44.8
44.07	44.54
44.1	44.23
44.12	43.9
44.15	43.59
44.17	43.28
44.2	43.04
44.22	42.8
44.24	42.57
44.27	42.38
44.29	42.21
44.32	42.06
44.34	41.93
44.37	41.82
44.39	41.71
44.41	41.6
44.44	41.53
44.46	41.43
44.49	41.4
44.51	41.39
44.54	41.39
44.56	41.39
44.59	41.44
44.61	41.44
44.63	41.53
44.66	41.57
44.68	41.69
44.71	41.8
44.73	41.94
44.76	42.1
44.78	42.33
44.81	42.55
44.83	42.84
44.85	43.06
44.88	43.36
44.9	43.68
44.93	44.03
44.95	44.32
44.98	44.65
45	44.95
45.03	45.31
45.05	45.69
45.07	46.12
45.1	46.54
45.12	47.02
45.15	47.55
45.17	48.12
45.2	48.62
45.22	49.06
45.25	49.38
45.27	49.65
45.29	49.86
45.32	49.96
45.34	49.99
45.37	49.99
45.39	49.99
45.42	49.99
45.44	49.99
45.47	49.99
45.49	49.99
45.51	49.99
45.54	49.99
45.56	49.99
45.59	49.99
45.61	49.99
45.64	49.99
45.66	49.99
45.68	49.99
45.71	49.99
45.73	49.99
45.76	49.99
45.78	49.99
45.81	49.99
45.83	49.99
45.86	49.99
45.88	49.99
45.9	49.99
45.93	49.99
45.95	49.99
45.98	49.99
46	49.99
46.03	49.99
46.05	49.99
46.08	49.99
46.1	49.99
46.12	49.99
46.15	49.99
46.17	49.99
46.2	49.99
46.22	49.99
46.25	49.99
46.27	49.99
46.3	49.99
46.32	49.99
46.34	49.99
46.37	49.99
46.39	49.99
46.42	49.99
46.44	49.99
46.47	49.99
46.49	49.99
46.52	49.99
46.54	49.99
46.56	49.99
46.59	49.99
46.61	49.99
46.64	49.99
46.66	49.99
46.69	49.99
46.71	49.99
46.73	49.99
46.76	49.99
46.78	49.99
46.81	49.99
46.83	49.99
46.86	49.99
46.88	49.99
46.91	49.99
46.93	49.99
46.95	49.99
46.98	49.99
47	49.99
47.03	49.99
47.05	49.99
47.08	49.99
47.1	49.99
47.13	49.99
47.15	49.99
47.17	49.99
47.2	49.99
47.22	49.99
47.25	49.99
47.27	49.99
47.3	49.99
47.32	49.99
47.35	50
47.37	50
47.39	49.99
47.42	49.99
47.44	49.99
47.47	49.99
47.49	49.99
47.52	49.99
47.54	49.99
47.57	49.99
47.59	49.99
47.61	49.99
47.64	49.99
47.66	49.99
47.69	49.99
47.71	49.99
47.74	49.99
47.76	49.99
47.78	49.99
47.81	49.99
47.83	49.99
47.86	49.99
47.88	49.99
47.91	49.99
47.93	49.99
47.96	49.99
47.98	49.99
48	49.99
48.03	49.99
48.05	49.99
48.08	49.99
48.1	49.99
48.13	49.99
48.15	49.99
48.18	49.99
48.2	49.99
48.22	49.99
48.25	49.99
48.27	49.99
48.3	49.99
48.32	49.99
48.35	49.99
48.37	49.99
48.4	49.99
48.42	49.99
48.44	49.99
48.47	49.99
48.49	49.99
48.52	49.99
48.54	49.99
48.57	49.99
48.59	49.99
48.62	49.99
48.64	49.99
48.66	49.99
48.69	49.99
48.71	49.99
48.74	49.99
48.76	49.99
48.79	49.99
48.81	49.99
48.84	49.99
48.86	49.99
48.88	49.99
48.91	49.99
48.93	49.99
48.96	49.99
48.98	49.99
49.01	49.99
49.03	49.99
49.05	49.99
49.08	49.99
49.1	49.99
49.13	49.99
49.15	49.99
49.18	49.99
49.2	49.99
49.23	49.99
49.25	49.99
49.27	49.99
49.3	49.99
49.32	49.99
49.35	49.99
49.37	49.99
49.4	49.99
49.42	49.99
49.45	49.99
49.47	49.99
49.49	49.99
49.52	49.99
49.54	49.99
49.57	49.99
49.59	49.99
49.62	49.99
49.64	49.99
49.67	49.99
49.69	49.99
49.71	49.99
49.74	49.99
49.76	49.99
49.79	49.99
49.81	49.99
49.84	49.99
49.86	49.99
49.89	49.99
49.91	49.99
49.93	49.99
49.96	49.99
49.98	49.99
50.01	49.99
50.03	49.99
50.06	49.99
50.08	49.99
50.1	49.99
50.13	49.99
50.15	49.99
50.18	49.99
50.2	49.99
50.23	49.99
50.25	49.99
50.28	49.99
50.3	49.99
50.32	49.99
50.35	49.99
50.37	49.99
50.4	49.99
50.42	49.99
50.45	49.99
50.47	49.99
50.5	49.99
50.52	49.99
50.54	49.99
50.57	49.99
50.59	49.99
50.62	49.99
50.64	49.99
50.67	49.99
50.69	49.99
50.72	49.99
50.74	49.99
50.76	49.99
50.79	49.99
50.81	49.99
50.84	49.99
50.86	49.99
50.89	49.99
50.91	49.99
50.94	49.99
50.96	49.99
50.98	49.99
51.01	49.99
51.03	49.99
51.06	49.99
51.08	49.99
51.11	49.99
51.13	49.99
51.15	49.99
51.18	49.99
51.2	50
51.23	50
51.25	49.99
51.28	49.99
51.3	49.99
51.33	49.99
51.35	49.99
51.37	49.99
51.4	49.99
51.42	49.99
51.45	49.99
51.47	49.99
51.5	49.99
51.52	49.99
51.55	49.99
51.57	49.99
51.59	49.99
51.62	49.99
51.64	49.99
51.67	49.99
51.69	49.99
51.72	49.99
51.74	49.99
51.77	49.99
51.79	49.99
51.81	49.99
51.84	49.99
51.86	49.99
51.89	49.99
51.91	49.99
51.94	49.99
51.96	49.99
51.99	49.99
52.01	49.99
52.03	49.99
52.06	49.99
52.08	49.99
52.11	49.99
52.13	49.99
52.16	49.99
52.18	49.99
52.2	49.99
52.23	49.99
52.25	49.99
52.28	49.99
52.3	49.99
52.33	49.99
52.35	49.99
52.38	49.99
52.4	49.99
52.42	49.99
52.45	49.99
52.47	49.99
52.5	49.99
52.52	49.99
52.55	49.99
52.57	49.99
52.6	49.99
52.62	49.99
52.64	49.99
52.67	49.99
52.69	49.99
52.72	49.99
52.74	49.99
52.77	49.99
52.79	49.99
52.82	50
52.84	49.99
52.86	49.99
52.89	49.99
52.91	49.99
52.94	49.99
52.96	49.99
52.99	49.99
53.01	49.99
53.04	49.99
53.06	49.99
53.08	49.99
53.11	49.99
53.13	49.99
53.16	49.99
53.18	49.99
53.21	49.99
53.23	49.99
53.26	49.99
53.28	49.99
53.3	49.99
53.33	49.99
53.35	49.99
53.38	49.99
53.4	49.99
53.43	49.99
53.45	49.99
53.47	49.99
53.5	49.99
53.52	49.99
53.55	49.99
53.57	49.99
53.6	49.99
53.62	49.99
53.65	49.99
53.67	49.99
53.69	49.99
53.72	49.99
53.74	49.99
53.77	49.99
53.79	49.99
53.82	49.99
53.84	49.99
53.87	49.99
53.89	49.99
53.91	49.99
53.94	49.99
53.96	49.99
53.99	49.99
54.01	49.99
54.04	49.99
54.06	49.99
54.09	49.99
54.11	49.99
54.13	49.99
54.16	49.99
54.18	49.99
54.21	49.99
54.23	49.99
54.26	49.99
54.28	49.99
54.31	49.99
54.33	49.99
54.35	49.99
54.38	49.99
54.4	49.99
54.43	49.99
54.45	49.99
54.48	49.99
54.5	49.99
54.52	49.99
54.55	49.99
54.57	49.99
54.6	49.99
54.62	49.99
54.65	49.99
54.67	49.99
54.7	49.99
54.72	49.99
54.74	49.99
54.77	49.99
54.79	49.99
54.82	49.99
54.84	49.99
54.87	49.99
54.89	49.99
54.92	49.99
54.94	49.99
54.96	49.99
54.99	49.99
55.01	49.99
55.04	49.99
55.06	49.99
55.09	49.99
55.11	49.99
55.14	49.99
55.16	49.99
55.18	49.99
55.21	49.99
55.23	49.99
55.26	49.99
55.28	49.99
55.31	49.99
55.33	49.99
55.36	50
55.38	50
55.4	50
55.43	49.99
55.45	49.99
55.48	49.99
55.5	49.99
55.53	49.99
55.55	49.99
55.57	49.99
55.6	49.99
55.62	49.99
55.65	49.99
55.67	49.99
55.7	49.99
55.72	49.99
55.75	49.99
55.77	49.99
55.79	49.99
55.82	49.99
55.84	49.99
55.87	49.99
55.89	49.99
55.92	49.99
55.94	49.99
55.97	49.99
55.99	49.99
56.01	49.99
56.04	49.99
56.06	49.99
56.09	49.99
56.11	49.99
56.14	49.99
56.16	49.99
56.19	49.99
56.21	49.99
56.23	49.99
56.26	49.99
56.28	49.99
56.31	49.99
56.33	49.99
56.36	49.99
56.38	49.99
56.41	49.99
56.43	49.99
56.45	49.99
56.48	49.99
56.5	49.99
56.53	49.99
56.55	49.99
56.58	49.99
56.6	49.99
56.62	49.99
56.65	49.99
56.67	49.99
56.7	49.99
56.72	49.99
56.75	49.99
56.77	49.99
56.8	49.99
56.82	49.99
56.84	49.99
56.87	49.99
56.89	49.99
56.92	49.99
56.94	49.99
56.97	49.99
56.99	49.99
57.02	49.99
57.04	49.99
57.06	49.99
57.09	49.99
57.11	49.99
57.14	49.99
57.16	49.99
57.19	49.99
57.21	49.99
57.24	49.99
57.26	49.99
57.28	49.99
57.31	49.99
57.33	49.99
57.36	49.99
57.38	49.99
57.41	49.99
57.43	49.99
57.46	49.99
57.48	49.99
57.5	49.99
57.53	49.99
57.55	49.99
57.58	49.99
57.6	49.99
57.63	49.99
57.65	49.99
57.68	49.99
57.7	49.99
57.72	49.99
57.75	49.99
57.77	49.99
57.8	49.99
57.82	49.99
57.85	49.99
57.87	49.99
57.89	49.99
57.92	49.99
57.94	49.99
57.97	49.99
57.99	49.99
58.02	49.99
58.04	49.99
58.07	49.99
58.09	49.99
58.11	49.99
58.14	49.99
58.16	49.99
58.19	49.99
58.21	49.99
58.24	49.99
58.26	49.99
58.29	49.99
58.31	49.99
58.33	49.99
58.36	49.99
58.38	49.99
58.41	49.99
58.43	49.99
58.46	49.99
58.48	49.99
58.51	49.99
58.53	49.99
58.55	49.99
58.58	49.99
58.6	49.99
58.63	49.99
58.65	49.99
58.68	49.99
58.7	49.99
58.73	49.99
58.75	49.99
58.77	49.99
58.8	49.99
58.82	49.99
58.85	49.99
58.87	49.99
58.9	49.99
58.92	49.99
58.94	49.99
58.97	49.99
58.99	49.99
59.02	49.99
59.04	49.99
59.07	49.99
59.09	49.99
59.12	49.99
59.14	49.99
59.16	49.99
59.19	49.99
59.21	49.99
59.24	49.99
59.26	49.99
59.29	49.99
59.31	49.99
59.34	49.99
59.36	49.99
59.38	49.99
59.41	49.99
59.43	49.99
59.46	49.99
59.48	49.99
59.51	49.99
59.53	49.99
59.56	49.99
59.58	49.99
59.6	49.99
59.63	49.99
59.65	49.99
59.68	49.99
59.7	49.99
59.73	49.99
59.75	49.99
59.78	49.99
59.8	49.99
59.82	49.99
59.85	49.99
59.87	49.99
59.9	49.99
59.92	49.99
59.95	49.99
59.97	49.99
59.99	49.99

